6 1.000000
1.000000	
0.006075	0.049866	-0.104714	-0.248914	-0.758336	0.962387	
0.000240	0.000388	-0.000677	-0.004731	-0.005554	-0.003031	0.000388	0.002195	-0.005131	-0.014250	-0.035507	0.042142	-0.000677	-0.005131	0.014399	0.035673	0.092059	-0.134558	-0.004731	-0.014250	0.035673	0.242714	0.268383	0.248509	-0.005554	-0.035507	0.092059	0.268383	0.709841	-0.926398	-0.003031	0.042142	-0.134558	0.248509	-0.926398	4.816088	


