K: 1.0
dim: 6.0
Priors: 1.0
Mu: [0.122969, 0.10053, -0.002404, -0.142022, -0.125562, -0.017534]
Sigma: [0.006508, 0.004076, 3.1E-4, -0.007453, -0.005444, -0.001159, 0.004076, 0.004922,
  -3.91E-4, -0.004203, -0.005405, -5.54E-4, 3.1E-4, -3.91E-4, 3.73E-4, 3.8E-5, 4.88E-4,
  -3.3E-4, -0.007453, -0.004203, 3.8E-5, 0.029245, 0.019704, 0.001002, -0.005444,
  -0.005405, 4.88E-4, 0.019704, 0.017634, 1.03E-4, -0.001159, -5.54E-4, -3.3E-4, 0.001002,
  1.03E-4, 0.001253]
attractor: [0.0, 0.0, 0.0, 0.0, 0.0, 0.0]
