K: 1.0
dim: 6.0
Priors: [1]
Mu: [-0.202231, -0.057784, -0.008366, 0.14812, 0.047368, 0.056722]
Sigma: [0.041939, 0.002357, -1.3E-5, -0.033504, -0.005786, -0.010423, 0.002357, 0.020074,
  0.010937, 0.015963, -0.005176, -0.010142, -1.3E-5, 0.010937, 0.008098, 0.013263,
  -0.001651, -0.007184, -0.033504, 0.015963, 0.013263, 0.062718, 0.003686, -0.006154,
  -0.005786, -0.005176, -0.001651, 0.003686, 0.012798, 0.00349, -0.010423, -0.010142,
  -0.007184, -0.006154, 0.00349, 0.010804]
attractor: [0.0, 0.0, 0.0, 0.0, 0.0, 0.0]
