 6 1.000000
1.000000	
-0.068888 -0.085379	0.054550 0.079792 0.084163	-0.052825	
0.002331	0.002230	-0.001492	-0.001991	-0.001639	0.001304	0.002230	0.002615	-0.001688	-0.002419	-0.002449	0.001601	-0.001492	-0.001688	0.001163	0.001416	0.001442	-0.001025	-0.001991	-0.002419	0.001416	0.005124	0.005611	-0.003565	-0.001639	-0.002449	0.001442	0.005611	0.007670	-0.004768	0.001304	0.001601	-0.001025	-0.003565	-0.004768	0.003469	


