6 1.000000
1.000000	
-0.024201	0.014545	0.022981	0.027319	-0.023599	-0.017081	
0.000793	-0.000096	-0.000325	-0.000584	0.000136	0.000092	-0.000096	0.000950	0.000236	0.000196	-0.000984	-0.000086	-0.000325	0.000236	0.000207	0.000290	-0.000281	-0.000095	-0.000584	0.000196	0.000290	0.000507	-0.000253	-0.000105	0.000136	-0.000984	-0.000281	-0.000253	0.001136	0.000177	0.000092	-0.000086	-0.000095	-0.000105	0.000177	0.000169	

