6 1.000000
1.000000	
-0.054729	-0.059202	0.040724	0.042704	0.046653	-0.035897	
0.001783	0.001827	-0.001212	-0.001332	-0.001385	0.001088	0.001827	0.002016	-0.001275	-0.001415	-0.001560	0.001113	-0.001212	-0.001275	0.000892	0.000933	0.000998	-0.000794	-0.001332	-0.001415	0.000933	0.002299	0.002388	-0.001476	-0.001385	-0.001560	0.000998	0.002388	0.002637	-0.001544	0.001088	0.001113	-0.000794	-0.001476	-0.001544	0.001172	


