6 3
0.300012
0.302827
0.397161	
-0.004109	-0.008669	0.028210	-0.083672	0.022144	0.077903	0.042834	0.052572	0.019483	0.042253	-0.071789	-0.002102	0.175236	0.044502	-0.027434	0.027476	0.013668	-0.012304	
0.004423	0.007544	0.000902	-0.002106	0.001517	-0.001058	0.007544	0.028524	0.004046	-0.006780	0.001288	-0.006710	0.000902	0.004046	0.000956	-0.000777	0.001227	-0.000985	-0.002106	-0.006780	-0.000777	0.003700	0.001193	0.000815	0.001517	0.001288	0.001227	0.001193	0.005392	0.000117	-0.001058	-0.006710	-0.000985	0.000815	0.000117	0.002362
0.026443	-0.013629	-0.005251	-0.007587	0.007312	0.005377	-0.013629	0.007409	0.002931	0.003388	-0.003711	-0.002741	-0.005251	0.002931	0.001217	0.001148	-0.001372	-0.001035	-0.007587	0.003388	0.001148	0.003738	-0.002544	-0.001638	0.007312	-0.003711	-0.001372	-0.002544	0.002314	0.001363	0.005377	-0.002741	-0.001035	-0.001638	0.001363	0.001349
0.002950	-0.000337	-0.000594	-0.002037	0.001108	0.000764	-0.000337	0.016348	0.003402	0.000856	-0.005079	-0.001489	-0.000594	0.003402	0.000828	0.000582	-0.001277	-0.000480	-0.002037	0.000856	0.000582	0.003958	-0.000153	-0.000786	0.001108	-0.005079	-0.001277	-0.000153	0.014395	0.002921	0.000764	-0.001489	-0.000480	-0.000786	0.002921	0.001149	


